mX300_mY90 2022,2023
mX300_mY95 2022,2023
mX300_mY100 2022,2023
mX300_mY125 2022,2023
mX300_mY150 2022,2023
mX300_mY170 2022,2023
mX300_mY90 2022,2023,2024
mX300_mY95 2022,2023,2024
mX300_mY100 2022,2023,2024
mX300_mY125 2022,2023,2024
mX300_mY150 2022,2023,2024
mX300_mY170 2022,2023,2024
mX320_mY90 2022,2023
mX320_mY95 2022,2023
mX320_mY100 2022,2023
mX320_mY125 2022,2023
mX320_mY150 2022,2023
mX320_mY170 2022,2023
mX320_mY90 2022,2023,2024
mX320_mY95 2022,2023,2024
mX320_mY100 2022,2023,2024
mX320_mY125 2022,2023,2024
mX320_mY150 2022,2023,2024
mX320_mY170 2022,2023,2024
mX350_mY90 2022,2023
mX350_mY95 2022,2023
mX350_mY100 2022,2023
mX350_mY125 2022,2023
mX350_mY150 2022,2023
mX350_mY170 2022,2023
mX350_mY90 2022,2023,2024
mX350_mY95 2022,2023,2024
mX350_mY100 2022,2023,2024
mX350_mY125 2022,2023,2024
mX350_mY150 2022,2023,2024
mX350_mY170 2022,2023,2024
mX400_mY90 2022,2023
mX400_mY95 2022,2023
mX400_mY100 2022,2023
mX400_mY125 2022,2023
mX400_mY150 2022,2023
mX400_mY170 2022,2023
mX400_mY200 2022,2023
mX400_mY250 2022,2023
mX400_mY90 2022,2023,2024
mX400_mY95 2022,2023,2024
mX400_mY100 2022,2023,2024
mX400_mY125 2022,2023,2024
mX400_mY150 2022,2023,2024
mX400_mY170 2022,2023,2024
mX400_mY200 2022,2023,2024
mX400_mY250 2022,2023,2024
mX450_mY90 2022,2023
mX450_mY95 2022,2023
mX450_mY100 2022,2023
mX450_mY125 2022,2023
mX450_mY150 2022,2023
mX450_mY170 2022,2023
mX450_mY200 2022,2023
mX450_mY250 2022,2023
mX450_mY300 2022,2023
mX450_mY90 2022,2023,2024
mX450_mY95 2022,2023,2024
mX450_mY100 2022,2023,2024
mX450_mY125 2022,2023,2024
mX450_mY150 2022,2023,2024
mX450_mY170 2022,2023,2024
mX450_mY200 2022,2023,2024
mX450_mY250 2022,2023,2024
mX450_mY300 2022,2023,2024
mX500_mY90 2022,2023
mX500_mY95 2022,2023
mX500_mY100 2022,2023
mX500_mY125 2022,2023
mX500_mY150 2022,2023
mX500_mY170 2022,2023
mX500_mY200 2022,2023
mX500_mY250 2022,2023
mX500_mY300 2022,2023
mX500_mY350 2022,2023
mX500_mY90 2022,2023,2024
mX500_mY95 2022,2023,2024
mX500_mY100 2022,2023,2024
mX500_mY150 2022,2023,2024
mX500_mY170 2022,2023,2024
mX500_mY200 2022,2023,2024
mX500_mY250 2022,2023,2024
mX500_mY300 2022,2023,2024
mX500_mY350 2022,2023,2024
mX550_mY90 2022,2023
mX550_mY95 2022,2023
mX550_mY100 2022,2023
mX550_mY125 2022,2023
mX550_mY150 2022,2023
mX550_mY170 2022,2023
mX550_mY200 2022,2023
mX550_mY250 2022,2023
mX550_mY300 2022,2023
mX550_mY350 2022,2023
mX550_mY400 2022,2023
mX550_mY90 2022,2023,2024
mX550_mY95 2022,2023,2024
mX550_mY100 2022,2023,2024
mX550_mY125 2022,2023,2024
mX550_mY150 2022,2023,2024
mX550_mY170 2022,2023,2024
mX550_mY200 2022,2023,2024
mX550_mY250 2022,2023,2024
mX550_mY300 2022,2023,2024
mX550_mY350 2022,2023,2024
mX550_mY400 2022,2023,2024
mX600_mY90 2022,2023
mX600_mY95 2022,2023
mX600_mY100 2022,2023
mX600_mY125 2022,2023
mX600_mY150 2022,2023
mX600_mY170 2022,2023
mX600_mY200 2022,2023
mX600_mY250 2022,2023
mX600_mY300 2022,2023
mX600_mY350 2022,2023
mX600_mY400 2022,2023
mX600_mY450 2022,2023
mX600_mY90 2022,2023,2024
mX600_mY95 2022,2023,2024
mX600_mY100 2022,2023,2024
mX600_mY125 2022,2023,2024
mX600_mY150 2022,2023,2024
mX600_mY170 2022,2023,2024
mX600_mY200 2022,2023,2024
mX600_mY250 2022,2023,2024
mX600_mY300 2022,2023,2024
mX600_mY350 2022,2023,2024
mX600_mY400 2022,2023,2024
mX600_mY450 2022,2023,2024
mX650_mY90 2022,2023
mX650_mY95 2022,2023
mX650_mY100 2022,2023
mX650_mY125 2022,2023
mX650_mY150 2022,2023
mX650_mY170 2022,2023
mX650_mY200 2022,2023
mX650_mY250 2022,2023
mX650_mY300 2022,2023
mX650_mY350 2022,2023
mX650_mY400 2022,2023
mX650_mY450 2022,2023
mX650_mY500 2022,2023
mX650_mY90 2022,2023,2024
mX650_mY95 2022,2023,2024
mX650_mY100 2022,2023,2024
mX650_mY125 2022,2023,2024
mX650_mY150 2022,2023,2024
mX650_mY170 2022,2023,2024
mX650_mY200 2022,2023,2024
mX650_mY250 2022,2023,2024
mX650_mY300 2022,2023,2024
mX650_mY350 2022,2023,2024
mX650_mY400 2022,2023,2024
mX650_mY450 2022,2023,2024
mX650_mY500 2022,2023,2024
mX700_mY90 2022,2023
mX700_mY95 2022,2023
mX700_mY100 2022,2023
mX700_mY125 2022,2023
mX700_mY150 2022,2023
mX700_mY170 2022,2023
mX700_mY200 2022,2023
mX700_mY250 2022,2023
mX700_mY300 2022,2023
mX700_mY350 2022,2023
mX700_mY400 2022,2023
mX700_mY450 2022,2023
mX700_mY500 2022,2023
mX700_mY550 2022,2023
mX700_mY90 2022,2023,2024
mX700_mY95 2022,2023,2024
mX700_mY100 2022,2023,2024
mX700_mY125 2022,2023,2024
mX700_mY150 2022,2023,2024
mX700_mY170 2022,2023,2024
mX700_mY200 2022,2023,2024
mX700_mY250 2022,2023,2024
mX700_mY300 2022,2023,2024
mX700_mY350 2022,2023,2024
mX700_mY400 2022,2023,2024
mX700_mY450 2022,2023,2024
mX700_mY500 2022,2023,2024
mX700_mY550 2022,2023,2024
mX750_mY90 2022,2023
mX750_mY95 2022,2023
mX750_mY100 2022,2023
mX750_mY125 2022,2023
mX750_mY150 2022,2023
mX750_mY170 2022,2023
mX750_mY200 2022,2023
mX750_mY250 2022,2023
mX750_mY300 2022,2023
mX750_mY350 2022,2023
mX750_mY400 2022,2023
mX750_mY450 2022,2023
mX750_mY500 2022,2023
mX750_mY550 2022,2023
mX750_mY600 2022,2023
mX750_mY90 2022,2023,2024
mX750_mY95 2022,2023,2024
mX750_mY100 2022,2023,2024
mX750_mY125 2022,2023,2024
mX750_mY150 2022,2023,2024
mX750_mY170 2022,2023,2024
mX750_mY200 2022,2023,2024
mX750_mY250 2022,2023,2024
mX750_mY300 2022,2023,2024
mX750_mY350 2022,2023,2024
mX750_mY400 2022,2023,2024
mX750_mY450 2022,2023,2024
mX750_mY500 2022,2023,2024
mX750_mY550 2022,2023,2024
mX750_mY600 2022,2023,2024
mX800_mY90 2022,2023
mX800_mY95 2022,2023
mX800_mY100 2022,2023
mX800_mY125 2022,2023
mX800_mY150 2022,2023
mX800_mY170 2022,2023
mX800_mY200 2022,2023
mX800_mY250 2022,2023
mX800_mY300 2022,2023
mX800_mY350 2022,2023
mX800_mY400 2022,2023
mX800_mY450 2022,2023
mX800_mY500 2022,2023
mX800_mY550 2022,2023
mX800_mY600 2022,2023
mX800_mY650 2022,2023
mX800_mY90 2022,2023,2024
mX800_mY95 2022,2023,2024
mX800_mY100 2022,2023,2024
mX800_mY125 2022,2023,2024
mX800_mY150 2022,2023,2024
mX800_mY170 2022,2023,2024
mX800_mY200 2022,2023,2024
mX800_mY250 2022,2023,2024
mX800_mY300 2022,2023,2024
mX800_mY350 2022,2023,2024
mX800_mY400 2022,2023,2024
mX800_mY450 2022,2023,2024
mX800_mY500 2022,2023,2024
mX800_mY550 2022,2023,2024
mX800_mY600 2022,2023,2024
mX800_mY650 2022,2023,2024
mX850_mY90 2022,2023
mX850_mY95 2022,2023
mX850_mY100 2022,2023
mX850_mY125 2022,2023
mX850_mY150 2022,2023
mX850_mY170 2022,2023
mX850_mY200 2022,2023
mX850_mY250 2022,2023
mX850_mY300 2022,2023
mX850_mY350 2022,2023
mX850_mY400 2022,2023
mX850_mY450 2022,2023
mX850_mY500 2022,2023
mX850_mY550 2022,2023
mX850_mY600 2022,2023
mX850_mY650 2022,2023
mX850_mY700 2022,2023
mX850_mY90 2022,2023,2024
mX850_mY95 2022,2023,2024
mX850_mY100 2022,2023,2024
mX850_mY125 2022,2023,2024
mX850_mY150 2022,2023,2024
mX850_mY170 2022,2023,2024
mX850_mY200 2022,2023,2024
mX850_mY250 2022,2023,2024
mX850_mY300 2022,2023,2024
mX850_mY350 2022,2023,2024
mX850_mY400 2022,2023,2024
mX850_mY450 2022,2023,2024
mX850_mY500 2022,2023,2024
mX850_mY550 2022,2023,2024
mX850_mY600 2022,2023,2024
mX850_mY650 2022,2023,2024
mX850_mY700 2022,2023,2024
mX900_mY90 2022,2023
mX900_mY95 2022,2023
mX900_mY100 2022,2023
mX900_mY125 2022,2023
mX900_mY150 2022,2023
mX900_mY170 2022,2023
mX900_mY200 2022,2023
mX900_mY250 2022,2023
mX900_mY300 2022,2023
mX900_mY350 2022,2023
mX900_mY400 2022,2023
mX900_mY450 2022,2023
mX900_mY500 2022,2023
mX900_mY550 2022,2023
mX900_mY600 2022,2023
mX900_mY650 2022,2023
mX900_mY700 2022,2023
mX900_mY90 2022,2023,2024
mX900_mY95 2022,2023,2024
mX900_mY100 2022,2023,2024
mX900_mY125 2022,2023,2024
mX900_mY150 2022,2023,2024
mX900_mY170 2022,2023,2024
mX900_mY200 2022,2023,2024
mX900_mY250 2022,2023,2024
mX900_mY300 2022,2023,2024
mX900_mY350 2022,2023,2024
mX900_mY400 2022,2023,2024
mX900_mY450 2022,2023,2024
mX900_mY500 2022,2023,2024
mX900_mY550 2022,2023,2024
mX900_mY600 2022,2023,2024
mX900_mY650 2022,2023,2024
mX900_mY700 2022,2023,2024
mX950_mY90 2022,2023
mX950_mY95 2022,2023
mX950_mY100 2022,2023
mX950_mY125 2022,2023
mX950_mY150 2022,2023
mX950_mY170 2022,2023
mX950_mY200 2022,2023
mX950_mY250 2022,2023
mX950_mY300 2022,2023
mX950_mY350 2022,2023
mX950_mY400 2022,2023
mX950_mY450 2022,2023
mX950_mY500 2022,2023
mX950_mY550 2022,2023
mX950_mY600 2022,2023
mX950_mY650 2022,2023
mX950_mY700 2022,2023
mX950_mY800 2022,2023
mX950_mY90 2022,2023,2024
mX950_mY95 2022,2023,2024
mX950_mY100 2022,2023,2024
mX950_mY125 2022,2023,2024
mX950_mY150 2022,2023,2024
mX950_mY170 2022,2023,2024
mX950_mY200 2022,2023,2024
mX950_mY250 2022,2023,2024
mX950_mY300 2022,2023,2024
mX950_mY350 2022,2023,2024
mX950_mY400 2022,2023,2024
mX950_mY450 2022,2023,2024
mX950_mY500 2022,2023,2024
mX950_mY550 2022,2023,2024
mX950_mY600 2022,2023,2024
mX950_mY650 2022,2023,2024
mX950_mY700 2022,2023,2024
mX950_mY800 2022,2023,2024
mX1000_mY90 2022,2023
mX1000_mY95 2022,2023
mX1000_mY100 2022,2023
mX1000_mY125 2022,2023
mX1000_mY150 2022,2023
mX1000_mY170 2022,2023
mX1000_mY200 2022,2023
mX1000_mY250 2022,2023
mX1000_mY300 2022,2023
mX1000_mY350 2022,2023
mX1000_mY400 2022,2023
mX1000_mY450 2022,2023
mX1000_mY500 2022,2023
mX1000_mY550 2022,2023
mX1000_mY600 2022,2023
mX1000_mY650 2022,2023
mX1000_mY700 2022,2023
mX1000_mY800 2022,2023
mX1000_mY90 2022,2023,2024
mX1000_mY95 2022,2023,2024
mX1000_mY100 2022,2023,2024
mX1000_mY125 2022,2023,2024
mX1000_mY150 2022,2023,2024
mX1000_mY170 2022,2023,2024
mX1000_mY200 2022,2023,2024
mX1000_mY250 2022,2023,2024
mX1000_mY300 2022,2023,2024
mX1000_mY350 2022,2023,2024
mX1000_mY400 2022,2023,2024
mX1000_mY450 2022,2023,2024
mX1000_mY500 2022,2023,2024
mX1000_mY550 2022,2023,2024
mX1000_mY600 2022,2023,2024
mX1000_mY650 2022,2023,2024
mX1000_mY700 2022,2023,2024
mX1000_mY800 2022,2023,2024
